order_id,customer_id,order_status,order_purchase_timestamp,order_approved_at,order_delivered_carrier_date,order_delivered_customer_date,order_estimated_delivery_date
ac7a92560a9e99f0a0ab4988102f491b,6abf781c5304890987047e9aa239caa8,delivered,2018-03-04 15:58:09,2018-03-04 16:10:35,2018-03-06 17:14:59,2018-03-22 23:44:33,2018-03-23 00:00:00
7b58fca3faf09217a36d5febee5739a5,0966fbba1c0e8c5e26e31166c2fd3ce8,delivered,2018-03-04 22:59:50,2018-03-04 23:15:32,2018-03-06 16:49:08,2018-04-12 21:04:01,2018-03-28 00:00:00
b574f97b093ad4bc022f420344327e12,36d39e3b372efc3bbed5188c23d0d1ca,delivered,2018-03-04 11:13:39,2018-03-04 11:29:19,2018-03-09 00:25:34,2018-03-29 20:45:37,2018-03-23 00:00:00
afa2c425be2efd14c19b4a0aa62f9b59,2a22ba1cb2f182b16cfd4b7620ea6114,delivered,2018-03-04 02:25:53,2018-03-05 08:15:31,2018-03-06 17:03:46,2018-04-06 19:24:59,2018-03-22 00:00:00
a3ba21f961c9d61f7502766974371616,82a5458c7efd1055b6ab24f6985fa233,delivered,2018-03-04 08:56:57,2018-03-04 09:09:52,2018-03-07 20:35:21,2018-04-17 21:34:51,2018-03-27 00:00:00
98f0e2b0d85754ca3b4e06d70f0f63a2,af046fdbbda4a307d96801ebe61482c4,delivered,2018-03-04 21:04:35,2018-03-04 21:28:29,2018-03-06 00:53:16,2018-03-12 18:56:30,2018-03-22 00:00:00
61fca91868781e2844bebf0ba3129950,0299a3ec7aac3a18ea88cfa6cf8a74f5,delivered,2018-03-04 13:53:47,2018-03-04 14:08:46,2018-03-05 20:05:39,2018-03-12 14:05:35,2018-04-09 00:00:00
cc8389c87998ef48d592285b08d5106d,d23a0559b17d49af3cfb63c141bfd08d,delivered,2018-03-04 22:24:47,2018-03-04 22:49:27,2018-03-08 18:22:05,2018-04-02 13:38:35,2018-03-27 00:00:00
94a224f03c816cd9a1d94b886e26da80,ee356dc1282ff78b19141fc057037a08,delivered,2018-03-04 18:31:38,2018-03-04 18:48:48,2018-03-06 22:52:24,2018-04-13 19:14:49,2018-04-02 00:00:00
80c7b4c9343d57c6f4e84201ba70063c,b339abac3ae25f5b2b4f46d64ae42464,delivered,2018-03-04 09:51:23,2018-03-05 09:48:22,2018-03-07 01:13:28,2018-03-26 19:47:47,2018-04-05 00:00:00
79bddd312603ec0241e3d42556c6bba4,dc5cacb3e5b312dbde82dae449a8eb6e,delivered,2018-03-04 15:30:14,2018-03-04 15:48:18,2018-03-06 00:19:09,2018-03-19 22:32:08,2018-04-02 00:00:00
dbffa5e34cf40fb7dc1292bd10d22971,e7823ca26db4ecf5dc0e4cb58435b0e6,delivered,2018-03-04 14:18:56,2018-03-04 14:30:31,2018-03-05 17:13:01,2018-03-13 13:48:23,2018-03-26 00:00:00
bc0e143be142c22547b69235dd63a5ad,28f8e2e0788530456f50b2ca615b409d,delivered,2018-03-04 20:22:48,2018-03-04 21:00:33,2018-03-05 19:53:14,2018-03-07 14:19:55,2018-03-15 00:00:00
7b5781a478434239a4f7a1d32292b159,56e40c6941d4143c3e969ac344ea0b8f,delivered,2018-03-04 19:53:56,2018-03-04 20:09:33,2018-03-06 01:19:30,2018-03-21 00:26:36,2018-04-03 00:00:00
a0241e2ae203d766eea6aeed90b91cf3,d6d9d6597150c9bfe2d6c2e8df580169,delivered,2018-03-04 20:20:27,2018-03-04 20:30:50,2018-03-09 23:03:42,2018-03-28 18:46:06,2018-04-09 00:00:00
cd204f2c023b810c30b9d94d83549c84,60316082457ca4288ed89e75c9f9d50f,delivered,2018-03-04 10:13:05,2018-03-06 03:55:46,2018-03-08 01:24:35,2018-03-29 22:14:22,2018-04-06 00:00:00
7e460703dd3adb450213b20170a237f6,b79d85bfccc2df403dc6610e85d2ab71,delivered,2018-03-04 12:49:38,2018-03-04 13:29:23,2018-03-05 20:44:30,2018-03-08 17:19:08,2018-03-21 00:00:00
7d556b158b276636f710b97e13e2a2c3,a74236a4dbbe4c74be4081b8ebc2daa8,delivered,2018-03-04 23:24:49,2018-03-04 23:35:29,2018-03-05 17:28:45,2018-03-12 21:09:41,2018-03-27 00:00:00
e59e6aedb9b4f115de215d276a5166cf,0555bacaf4d4560a75e796a6e2c1e00d,delivered,2018-03-04 21:03:07,2018-03-04 21:40:27,2018-03-06 03:22:41,2018-03-16 01:41:53,2018-03-26 00:00:00
c00772d47f0092f6245f81d4fd328657,8b887c8011957810df7aac10a8019e02,delivered,2018-03-04 15:02:20,2018-03-04 15:30:45,2018-03-06 15:44:59,2018-03-15 20:38:32,2018-03-28 00:00:00
2471792dd93b34ffd37de5cdd632bf6e,d4e5076a5e782394e114161f444de088,delivered,2018-03-04 17:37:01,2018-03-04 17:50:25,2018-03-05 19:12:27,2018-04-03 21:58:27,2018-03-26 00:00:00
e4b5604780e8b0ba35b9335194254b33,b8ae52eba45117ca56310b303a029ffb,delivered,2018-03-04 15:34:39,2018-03-04 15:48:21,2018-03-06 22:51:43,2018-04-07 00:08:31,2018-04-03 00:00:00
69ff50d0173aad05585a5b5673d494c1,c84b575120e09c1ced166b272c960760,delivered,2018-03-04 20:09:47,2018-03-05 12:09:11,2018-03-07 21:17:07,2018-03-13 12:28:43,2018-03-29 00:00:00
10b5d5c95177be116333e9a65a6fdea4,749ba37e1c007d00f214dc51dec300e0,delivered,2018-03-04 10:59:40,2018-03-04 11:10:54,2018-03-06 18:52:18,2018-03-13 22:59:29,2018-04-06 00:00:00
d0988bd14ea2e2c69217c3f0fe979c4e,44045468280808494791ffdb0df2d431,delivered,2018-03-04 22:17:47,2018-03-04 22:30:41,2018-03-05 23:35:35,2018-03-14 21:41:42,2018-03-21 00:00:00
efeaeef213e3c173e91d9ffe670ba677,d0128f8d239e6045e358579e174accc8,delivered,2018-03-04 21:25:15,2018-03-04 21:48:59,2018-03-09 23:58:44,2018-04-17 23:31:54,2018-04-02 00:00:00
0ae42629f60238674d1b98c5651c8d68,52bb5fa693affe0c16d28988440ce8e1,delivered,2018-03-04 22:13:31,2018-03-04 22:49:10,2018-03-05 18:05:08,2018-03-22 17:06:36,2018-03-29 00:00:00
9aef5cb54685c53c5dd0b28727ff1203,9307cfa073da17b120a650f7b2361afb,delivered,2018-03-04 15:21:49,2018-03-04 15:35:29,2018-03-06 16:30:05,2018-03-13 10:32:21,2018-04-02 00:00:00
3da480f0b570c286f15f34efa2cbb2d5,8652ac0dcc743b8038987ef63a522ce4,delivered,2018-03-04 16:17:16,2018-03-04 17:20:26,2018-03-16 00:52:43,2018-03-20 15:34:39,2018-04-02 00:00:00
77e0e2f3250d4f0ce9ec0e9b5c151355,16d73e261aea495e0711671d3d20c1d9,delivered,2018-03-04 20:30:49,2018-03-04 20:48:46,2018-03-05 18:39:08,2018-03-16 17:56:44,2018-04-04 00:00:00
7741a0c0ccbb42c74fb27c570c7e5354,07cbe547b6dec2535abda65b57733754,delivered,2018-03-04 13:00:43,2018-03-04 13:40:28,2018-03-14 19:21:21,2018-03-16 20:16:47,2018-04-02 00:00:00
999dc37323684cefef388a9b58436118,321620138e47faf163d861b8dcd7119d,delivered,2018-03-04 10:30:46,2018-03-04 11:10:22,2018-03-06 23:43:28,2018-03-08 19:32:19,2018-03-15 00:00:00
82261ff3dcd4a370acb65149a5507506,199e7ab738d50c057c66a47000fb3fed,delivered,2018-03-04 15:00:51,2018-03-04 15:10:35,2018-03-07 17:07:14,2018-04-13 20:08:53,2018-04-03 00:00:00
88d482d263a239a1fa53ec9975895f8c,12f4edd6eb013fa0324c75df31cf42f5,delivered,2018-03-04 16:01:15,2018-03-04 16:15:26,2018-03-05 18:19:06,2018-03-18 14:52:51,2018-03-28 00:00:00
429db7656bb9bd2a1fc038fcbc4fa159,0c72632077a893989155f0507aed5927,delivered,2018-03-04 23:59:33,2018-03-06 03:55:51,2018-03-07 20:07:50,2018-03-20 22:32:57,2018-03-29 00:00:00
005f25968fc854ea16fb16f5bdbc87c7,837cf66598995d5f51efd00d99ced139,delivered,2018-03-04 14:40:35,2018-03-04 15:20:26,2018-03-08 17:27:24,2018-03-20 18:13:37,2018-03-23 00:00:00
008c3a655c66f4d92370d0d422732f69,f9f9943ef9d29a86f10de3b43cd84356,delivered,2018-03-04 23:15:49,2018-03-06 04:08:25,2018-03-07 00:32:29,2018-03-09 20:27:41,2018-03-15 00:00:00
e4fa46e65ad5c0c84cffc9dcd3176c66,2a29bb358054a0f3c574bd59d4c7f131,delivered,2018-03-04 13:42:37,2018-03-04 13:55:35,2018-03-07 23:08:46,2018-03-15 16:36:37,2018-04-02 00:00:00
3edc5a29ae818b61db4be022019ffdb5,81ecd7b8e6f4573f09fa46dab2354060,delivered,2018-03-04 19:02:50,2018-03-04 19:15:42,2018-03-05 11:11:47,2018-03-12 15:06:44,2018-04-02 00:00:00
2942de5b4c34fa90c38954a9e86f7fcd,7e0be6f31e2e49712e01d3ce5a29385c,delivered,2018-03-04 21:47:10,2018-03-04 22:28:39,2018-03-06 18:33:07,2018-03-09 22:28:44,2018-03-16 00:00:00
f52e6ac942099c40e096c0f9d3633e1d,80393a47e7d11011de38b783b99f09ed,delivered,2018-03-04 22:29:23,2018-03-06 08:56:10,2018-03-14 20:25:52,2018-03-19 20:18:23,2018-04-04 00:00:00
ddcb87eddf4da29aafd1be7658fcef4f,c0b4da14acd1222aab98b2b9c0859fed,delivered,2018-03-04 13:42:10,2018-03-06 03:48:51,2018-03-09 22:48:29,2018-03-13 20:58:25,2018-03-22 00:00:00
f42bc77d6937968056c0a86060664c72,9ba410e5ef39ead3ac737a405812d23f,delivered,2018-03-04 11:28:12,2018-03-04 11:49:35,2018-03-06 20:04:30,2018-03-14 21:48:41,2018-04-03 00:00:00
d5548ee8b123f1ede666cedd8c0049f2,fb23c756b7d02814a3f3a7a605f3db42,delivered,2018-03-04 01:50:38,2018-03-04 02:14:06,2018-03-06 20:52:24,2018-03-12 22:16:32,2018-03-28 00:00:00
fc18f2b39a405a27ba3597b24a5828b0,bf1e5a528dee21a009ea9b2e7562c1b6,delivered,2018-03-04 12:14:15,2018-03-04 13:21:28,2018-03-06 02:21:57,2018-03-06 20:04:42,2018-03-15 00:00:00
b18b5fde5616ba3978e71483cf648a26,825d79317606372e5cf006164026c9b6,delivered,2018-03-04 11:30:18,2018-03-04 12:41:36,2018-03-07 01:33:08,2018-03-15 23:07:17,2018-04-02 00:00:00
ba4ca0fc7fbb88ea289868764ca06619,1bb0dda4f7267e2f1787555e13581d35,shipped,2018-03-04 12:27:09,2018-03-04 13:41:01,2018-03-08 00:38:41,,2018-03-28 00:00:00
7e725a02a94edf1bb07180293cbb29d9,9d1e06b0ab7ef29fa0e9cea88bdc7eeb,delivered,2018-03-04 15:01:18,2018-03-04 15:10:30,2018-03-08 09:32:08,2018-03-16 11:18:49,2018-03-21 00:00:00
9b9bad2c285cab8257e0dbadf191d8d9,9e6a4c410d7d354782949d88b712e12e,delivered,2018-03-04 18:03:29,2018-03-04 18:48:30,2018-03-06 00:23:07,2018-03-07 20:12:33,2018-03-15 00:00:00
13ceb10d0a1fb089ff634acc7114a743,c7b0cd6d863462734458324cdcc65169,delivered,2018-03-04 10:40:53,2018-03-04 11:10:23,2018-03-06 03:45:56,2018-03-27 19:09:22,2018-04-11 00:00:00
5fd99401d1c6e62d94afee10a1820622,4db0ecd4354b4c7042b9c913bdd59b77,delivered,2018-03-04 09:55:23,2018-03-04 10:48:48,2018-03-07 19:05:26,2018-03-08 20:11:39,2018-03-15 00:00:00
60e3a3852eb45dfe8e9cce6c97c1a1b1,61248acbe7cdec04b7ae3a3beb69a171,delivered,2018-03-04 15:57:57,2018-03-04 16:10:34,2018-03-07 23:32:50,2018-03-27 19:36:44,2018-03-21 00:00:00
eb16480bd94a5fbe4e96614791306ec6,337cd2f8a2f933b6707f90c561990099,delivered,2018-03-04 18:51:09,2018-03-04 19:09:06,2018-03-07 00:48:57,2018-03-08 20:28:36,2018-03-15 00:00:00
f11d659584813daadb19252b9659a670,9974e59c3f6c8186342935125184d014,delivered,2018-03-04 15:26:54,2018-03-04 15:35:32,2018-03-05 19:23:07,2018-03-21 18:48:50,2018-03-26 00:00:00
99c17c28779e5f367888a507c1ceaf96,3e7b2e247e06d43230046f448bd1a6ac,delivered,2018-03-04 17:16:20,2018-03-06 03:51:43,2018-03-07 00:21:44,2018-03-07 18:33:51,2018-03-15 00:00:00
9c8168f2783f0165c272ee971a47e916,aa7a0ff82aeeeeec79a4e7431f28d6ca,delivered,2018-03-04 14:28:17,2018-03-06 03:51:31,2018-03-06 23:41:58,2018-03-29 22:04:23,2018-04-06 00:00:00
b52314e04baaecb498e1446be2dcabee,cb7e2ee52c84733eedbaac0f2527fe3a,delivered,2018-03-04 17:25:30,2018-03-04 17:35:29,2018-03-07 00:12:51,2018-04-14 10:21:59,2018-03-29 00:00:00
b07f5a2d7ebcfcb4f2ea4c8ff180e81f,39c66c4d32b72e53ede5d7da77c72e57,delivered,2018-03-04 10:48:32,2018-03-04 11:10:36,2018-03-07 20:51:59,2018-04-02 17:08:42,2018-03-27 00:00:00
5efcef7a8dde2aa81e8f9943ab60c81f,bc30959eeaf47769b0846717fb9689a2,delivered,2018-03-04 22:32:35,2018-03-06 03:55:45,2018-03-15 20:03:59,2018-03-21 19:58:58,2018-04-09 00:00:00
a7739653ad34042369dbc11a3bf21121,4165e16cb64c08c55baeffd9a3b6a08f,delivered,2018-03-04 16:17:57,2018-03-04 17:20:25,2018-03-05 19:56:15,2018-03-27 19:33:28,2018-03-29 00:00:00
25f18499b3e850741c120ec6c11fb49a,2c4635620ba30da704d3bdc7be49ec5b,delivered,2018-03-04 21:50:56,2018-03-04 22:28:34,2018-03-06 18:16:56,2018-03-23 11:02:20,2018-03-21 00:00:00
e46bdf3f103d892b73cd32d13062efc5,f4f17362ea84cef21eaa45c104e816e5,delivered,2018-03-04 22:47:43,2018-03-04 23:09:16,2018-03-06 22:13:10,2018-03-13 00:51:51,2018-03-21 00:00:00
8c23f60e51f9e3aec7d9e0c07fa3d8f1,1560fed88d27791ad7424cd066b3decc,delivered,2018-03-04 19:34:22,2018-03-04 19:48:46,2018-03-08 17:26:19,2018-03-27 20:50:29,2018-03-22 00:00:00
33e55758032096d2080af654fa76e144,492d7832f942e0e4b353854ad83c295a,delivered,2018-03-04 22:38:11,2018-03-06 03:35:45,2018-03-07 00:58:33,2018-03-27 15:03:47,2018-03-27 00:00:00
437da4479f6a9e80c0f69e98a85f48a0,1b2ae93ce93f0b820358bd22b27a9837,delivered,2018-03-04 21:08:28,2018-03-04 21:48:28,2018-03-06 19:14:53,2018-03-09 15:12:35,2018-03-15 00:00:00
be291a47551443642d4de4c9c165886e,62700f8d4a9563f7bf60faf623e866b8,delivered,2018-03-04 15:02:39,2018-03-04 15:30:46,2018-03-09 20:13:23,2018-03-17 19:57:19,2018-04-12 00:00:00
f60e24afa1a33daf8c332325bafb1687,bf6313d9148432b6ac91c824e263e86a,delivered,2018-03-04 17:48:42,2018-03-05 18:31:21,2018-03-10 02:41:32,2018-03-21 21:04:01,2018-03-22 00:00:00
f976bd9178b8f3927dbf9f4b5f9e7f16,df75707f355311a21d7797b936fe342f,delivered,2018-03-04 20:44:25,2018-03-04 20:56:14,2018-03-08 18:38:39,2018-05-18 18:48:43,2018-03-26 00:00:00
747af114bbea56ac1e6841d66553b0bc,3f9f956720566758b250a7701b100564,delivered,2018-03-04 13:46:06,2018-03-04 13:55:33,2018-03-06 00:23:06,2018-03-09 23:09:38,2018-03-23 00:00:00
9bcd65834ef8fc54f03ef36f27bc5645,ec25fe55c673e43d4b3a9bf813cc189c,delivered,2018-03-04 22:02:07,2018-03-04 22:15:34,2018-03-06 19:08:15,2018-03-29 02:16:35,2018-03-28 00:00:00
1073c39f7b5d5091bb6dfd342d1f4be0,0fe5a97d856c6e12e88270cd49d08b2a,delivered,2018-03-04 20:58:36,2018-03-04 21:11:00,2018-03-07 22:17:43,2018-03-22 19:52:40,2018-04-10 00:00:00
34933c9ece23c40d4591be765e2b7f27,43e812d46063b9ec7d048031c9722c78,delivered,2018-03-04 19:19:26,2018-03-04 20:00:26,2018-03-09 21:04:28,2018-04-09 19:48:46,2018-04-02 00:00:00
43fb59e264c079e9579f33f7d0f240a8,9b870504e5aab43ab753e7d0e8991449,delivered,2018-03-04 17:16:35,2018-03-04 17:30:24,2018-03-07 03:06:57,2018-03-08 22:58:22,2018-03-20 00:00:00
e7a494d97325d27783d2cb0baa6aef1c,666a3a364a32f94a166c761b82a58981,delivered,2018-03-04 23:23:20,2018-03-04 23:35:32,2018-03-05 19:56:40,2018-03-06 21:58:25,2018-03-15 00:00:00
da36f0ed6b7669628846afd6d75a9a7c,8372eb499d7f5baf1f41b42cd6597074,delivered,2018-03-04 23:57:11,2018-03-05 00:15:34,2018-03-07 21:17:28,2018-03-18 13:28:39,2018-03-21 00:00:00
5545be5d02a0d70d1e9b038bf1a5acd7,45de6c6bb7d2638f72528d49c014795d,delivered,2018-03-04 15:21:00,2018-03-04 15:30:27,2018-03-20 19:58:56,2018-03-29 23:51:11,2018-03-29 00:00:00
9739c55348e0dff4c220e6c29285dca7,ff806b9005b5c5ceade753b2536f3833,delivered,2018-03-04 11:48:10,2018-03-04 12:41:24,2018-03-05 23:56:54,2018-03-12 18:42:43,2018-03-15 00:00:00
79340f2ac5af10a369d02c1acc89eb1a,4f3bfa2a13f306977a996e625a72c698,delivered,2018-03-04 13:14:01,2018-03-04 14:08:37,2018-03-06 19:03:52,2018-03-19 21:51:41,2018-04-02 00:00:00
3657d83f0ccdda70b89b5ae9e6fdb07c,25c6b9cdce83cd1359c01f00b9b239be,delivered,2018-03-04 01:48:54,2018-03-06 03:35:43,2018-03-07 16:45:22,2018-04-11 21:05:34,2018-03-28 00:00:00
db72d4b9dccc8768cb8691e888ae7f5f,28754e043ab5bf0dc60318d4f82177c0,delivered,2018-03-04 11:22:43,2018-03-04 11:30:43,2018-03-07 22:07:05,2018-05-14 17:08:54,2018-04-09 00:00:00
80a2b0dcabefef6a83477204433b2482,4fa80c5dc3ee4b69457bf4ec5c091d2f,delivered,2018-03-04 14:28:44,2018-03-04 14:48:48,2018-03-05 18:28:48,2018-03-10 15:58:55,2018-03-21 00:00:00
271a60ca2e506446f84f15a5246bced3,a49ae7843fa7b392f6e13a14e5e18c16,delivered,2018-03-04 17:40:28,2018-03-06 03:48:51,2018-03-07 01:58:30,2018-03-16 15:03:56,2018-03-22 00:00:00
ad71054dc5d178fd3d92e89a84f5edcc,13e310ef69a168c6d8876c9f932b6681,delivered,2018-03-04 18:39:32,2018-03-05 13:29:21,2018-03-06 19:38:36,2018-03-18 14:04:52,2018-03-22 00:00:00
264d1f3efc32d8d8243d16c9a582a0b7,08b6dd70f6a9b5bdd17a1387733e3511,delivered,2018-03-04 10:34:03,2018-03-04 11:10:23,2018-03-05 11:14:51,2018-03-17 17:22:09,2018-03-26 00:00:00
2c3f9230b4b5e62b5b75e294ecbb81b1,676b89eb40103ec0c9860a7c4cbb7bb5,delivered,2018-03-04 21:13:20,2018-03-04 21:30:31,2018-03-05 23:45:55,2018-04-03 19:21:15,2018-04-06 00:00:00
963cb0bf193b36ab854e479461fc3da2,cbdf66401d733d5f09fb411e49fde831,shipped,2018-03-04 11:48:58,2018-03-04 12:41:25,2018-03-05 22:19:10,,2018-03-27 00:00:00
6407b85bd242ce58598e1ddeaad6fd37,b3f8ef83c79e155520e952c088ba761a,delivered,2018-03-04 22:01:48,2018-03-04 22:15:38,2018-03-06 20:49:02,2018-03-16 17:38:52,2018-03-22 00:00:00
88b67ddbb7527017f796c80b3bb38051,c9aaa3f209648a958d0235415a9045f0,delivered,2018-03-04 21:08:19,2018-03-04 21:28:34,2018-03-05 16:17:41,2018-04-09 18:28:50,2018-03-22 00:00:00
1aaa23146b41cdd25da482e0b2dd0534,e6022a26468e5fde67d534ec06417962,delivered,2018-03-04 20:02:27,2018-03-04 20:29:07,2018-03-06 03:03:44,2018-03-15 00:52:17,2018-03-22 00:00:00
d1804dbdc6ea61e2dc9bf965e7ffffa2,866aaa9d6c61762ad4240425b10fc25f,delivered,2018-03-04 07:43:06,2018-03-06 03:51:14,2018-03-07 16:52:47,2018-03-08 18:21:48,2018-03-19 00:00:00
6a7f146c996d90e099636967012fdc8d,0e7393ef1ebb20126cf9f31cf7259302,delivered,2018-03-04 16:36:42,2018-03-04 17:28:28,2018-03-07 00:37:46,2018-03-19 19:03:38,2018-04-06 00:00:00
c3d439f902dde69ae8f1c314189adcc3,9ece33b07f80053801f77aaf3ea3c87b,delivered,2018-03-04 23:35:47,2018-03-05 23:30:35,2018-03-07 13:41:25,2018-03-19 21:50:50,2018-03-21 00:00:00
a51c103cee3ac676ea1c9bd8faf4d0be,a3bf8dad369e2dd3104ae77e1fb68ade,delivered,2018-03-04 14:25:20,2018-03-05 14:15:36,2018-03-06 23:18:44,2018-03-08 01:09:47,2018-04-02 00:00:00
867df4f53d01780cfb562ce2a7275bd2,030d0a2ec388dbfbc0ee3f52a0eba34c,delivered,2018-03-04 23:06:37,2018-03-04 23:48:58,2018-03-06 02:18:54,2018-03-19 14:52:33,2018-03-23 00:00:00
6029993caca02acb59d23ffc0f88604c,a96f1353d402e430810a0e6242a36083,delivered,2018-03-04 13:25:55,2018-03-05 10:09:42,2018-03-06 22:19:09,2018-04-04 01:15:50,2018-03-27 00:00:00
5dc70acab84ac4fd4ffb73d38c63cc94,c863c060ca50d90eea7f980c2e04b868,delivered,2018-03-04 11:20:37,2018-03-06 03:49:22,2018-03-20 18:03:09,2018-04-30 20:51:37,2018-04-17 00:00:00
057e8245e6408a7f5db33b517c481617,a4712004cd61cd9a1645946cadccfbb1,delivered,2018-03-04 18:57:57,2018-03-04 19:15:33,2018-03-06 00:06:29,2018-03-12 17:58:48,2018-03-21 00:00:00
1566cecea18d487c7958eb073713e8a7,299a4bad02ffd18f1bdf59f32617d8a9,delivered,2018-03-04 13:40:57,2018-03-04 14:20:22,2018-03-08 22:31:28,2018-03-15 23:03:05,2018-03-21 00:00:00
d6b11927bdeea5f5786a486aa301d183,dc1797695511e21ed538efc9570e9751,delivered,2018-03-04 16:30:29,2018-03-04 16:48:37,2018-03-10 04:24:48,2018-04-02 23:28:57,2018-03-29 00:00:00
b0ed482699eda01ec9bc672c131741f0,b3e16dcf5e6a9a7a917838b9c8d6551e,delivered,2018-03-04 10:05:42,2018-03-06 03:35:37,2018-03-08 02:33:00,2018-03-28 20:44:33,2018-03-29 00:00:00
6b34bb840d9211dc1a1f94e049a79de4,c43ef016bf2cafe5db5e670dee714ccd,shipped,2018-03-04 11:52:08,2018-03-05 11:56:09,2018-03-06 20:22:27,,2018-03-27 00:00:00
6b3b0b39d2a619fa308f4606d780af2c,d58286dd6d9edaf70bf227b843d6c963,delivered,2018-03-04 10:51:13,2018-03-04 11:10:58,2018-03-06 01:54:36,2018-03-09 16:16:25,2018-03-15 00:00:00
bb2fd6ac6dfaccc3a730d4ad235b855a,aa936cbb9d0a6909b7cd7a1a6e64c70d,delivered,2018-03-04 18:28:23,2018-03-04 18:50:29,2018-03-05 19:09:59,2018-03-16 16:52:41,2018-03-21 00:00:00
eedcf6db339a0b2ce303e615dceaee65,85df45704acdf1ff318576830a282d19,delivered,2018-03-04 22:23:33,2018-03-04 22:35:23,2018-03-07 21:24:59,2018-03-15 23:29:50,2018-03-23 00:00:00
47ee6fec7ba2a39c23a7c84127e1fac9,e51c1096bac2b1c14e3f8a0e24ad0520,delivered,2018-03-04 10:40:02,2018-03-04 11:29:21,2018-03-06 03:48:24,2018-03-20 00:42:32,2018-03-26 00:00:00
59bccab4e9193a9229f7d1b73fcb47c3,fac3296ec4f116faccfa6a6d7e18b42f,delivered,2018-03-04 18:51:32,2018-03-04 19:09:07,2018-03-14 17:22:06,2018-04-04 16:04:23,2018-04-06 00:00:00
1c2f3eb4c18b1e3ca9439f2824205429,d11d8aa3c8a3d6dafd592452eeb3a246,delivered,2018-03-04 10:45:42,2018-03-04 11:10:28,2018-03-08 17:21:39,2018-03-09 18:28:43,2018-03-15 00:00:00
3e3378aad68b2f3e53dba3a4da142bf3,69726d016eac68d3d68da23184e50c81,delivered,2018-03-04 20:11:11,2018-03-06 03:49:25,2018-03-06 17:23:39,2018-03-29 16:12:29,2018-03-29 00:00:00
20bb11438e00e6aeee1f68f34995c000,886e8ae88a209bcadbfbd22a87ea6884,shipped,2018-03-04 15:39:33,2018-03-04 15:50:36,2018-03-05 19:41:41,,2018-03-21 00:00:00
643b76bc5e6a2667aeff11bef3ce52a7,40e24733ea67cc1706a44e0818135cf0,delivered,2018-03-04 19:32:02,2018-03-04 19:48:46,2018-03-07 23:19:00,2018-03-09 00:49:27,2018-03-15 00:00:00
c008cb0b0b7d411443c78fcd22282930,eac0451aadf8de2d28430f4184f01ec3,delivered,2018-03-04 13:48:11,2018-03-04 14:08:45,2018-03-07 14:33:24,2018-03-08 16:07:41,2018-03-15 00:00:00
e1c8b1502b402a1284350d261a89cb9a,bd28eeea121c6d18863a60d05107fcbd,delivered,2018-03-04 14:46:38,2018-03-04 15:08:52,2018-03-09 23:14:39,2018-04-03 01:40:52,2018-03-23 00:00:00
8e81e473c93d414e73105233e248347b,174cf4e5e95b5a49bac9cee9ef6cef70,delivered,2018-03-04 18:38:05,2018-03-04 18:50:27,2018-03-07 21:27:57,2018-05-10 13:40:48,2018-03-27 00:00:00
39b88d0d1831375dbc1c63696d345210,0e35e77f6f56b24cdf97fb6ff9005ac4,delivered,2018-03-04 14:09:13,2018-03-04 14:28:36,2018-03-05 19:39:09,2018-03-06 21:09:50,2018-03-15 00:00:00
3737d5e98a43749e8713ea1e2c9b5355,c512f620f76cc7b83e3eceeb72bfc6de,delivered,2018-03-04 13:25:01,2018-03-04 14:08:39,2018-03-06 17:38:36,2018-03-22 16:20:57,2018-03-22 00:00:00
0e87d2e51cc9889baf44d689d0f5827e,fe3afca6cb1f6f7dfe5168f15b9b5ec5,delivered,2018-03-04 21:29:33,2018-03-04 21:48:51,2018-03-07 22:09:34,2018-03-20 23:41:35,2018-03-27 00:00:00
281c04e182df0c2f9f25bebea4b31af1,9425002b07757e5dfbf840f8c1310954,delivered,2018-03-04 16:38:43,2018-03-04 18:35:52,2018-03-07 23:48:42,2018-03-15 01:03:22,2018-03-21 00:00:00
00e0bac9f6306d8269770acf4ee4b027,2fddb001e84993ba7e785f11415bc5cb,delivered,2018-03-04 23:02:58,2018-03-06 03:49:43,2018-03-07 23:04:25,2018-03-27 01:58:53,2018-03-29 00:00:00
938d0d5452caf9c7ded66459c9440bcf,3dc736f9d972f528c1e5ac71b95ea81f,delivered,2018-03-04 17:35:02,2018-03-04 17:50:25,2018-03-07 20:08:02,2018-03-16 22:42:08,2018-03-22 00:00:00
e862ab2c5b9da53dea30d39617038ffd,1e79508ae1db3fd8cc165bf3ca7a0916,delivered,2018-03-04 13:17:05,2018-03-05 13:15:55,2018-03-06 19:33:04,2018-03-18 15:29:37,2018-03-27 00:00:00
e4d8efa70d39268e478a400cd60f6e05,198346aca2ea3817a0ab900610c9ca5f,delivered,2018-03-04 14:24:21,2018-03-04 14:35:23,2018-03-05 16:48:34,2018-03-08 22:09:30,2018-03-28 00:00:00
f15c4b4b43ba09c074b6eddcf72a902e,d727542c0e0a218efe5ac4b614f08833,delivered,2018-03-04 13:00:52,2018-03-04 13:15:34,2018-03-07 02:09:08,2018-03-14 22:24:49,2018-03-22 00:00:00
fb34957b24cfaa3c67835b67097b45e6,062d526eabc36e995e3a9ce353894fcb,delivered,2018-03-04 19:52:36,2018-03-04 20:09:29,2018-03-07 21:24:57,2018-04-18 19:35:46,2018-04-05 00:00:00
993bf2a40855c39703b0ac1339be7fbf,3e89ec8c985e880a86ec677401c68e51,delivered,2018-03-04 19:58:18,2018-03-06 03:51:19,2018-03-10 00:02:24,2018-04-24 11:41:20,2018-04-02 00:00:00
b0a2ec49c45ae3f6241044d9434ce3b2,03f2dda26a1b89b7cf91dcd8a41feb96,delivered,2018-03-04 23:41:08,2018-03-04 23:55:31,2018-03-05 18:39:07,2018-03-10 00:13:26,2018-04-06 00:00:00
f92658c234d93f1b5e25da234dd2968c,a8bcd37f8dd5ad261b9580c6fa2cff74,delivered,2018-03-04 11:30:27,2018-03-06 03:48:58,2018-03-07 00:21:44,2018-03-23 18:14:37,2018-03-29 00:00:00
7a71ea3784516335d7d333ed70db7caf,b70315bd0a585fa18bb1b6a7ce8fac3b,shipped,2018-03-04 12:44:36,2018-03-05 21:20:29,2018-03-08 03:04:34,,2018-04-06 00:00:00
b674e463ea07d8a8fac9951be50283f1,cdd95abd40476a4f5f391bbf0edb3735,delivered,2018-03-04 21:37:02,2018-03-04 21:50:28,2018-03-05 17:41:31,2018-04-02 17:37:50,2018-03-23 00:00:00
673d4bba118413f2327211eb384501a5,1d613c182f9ed2a229eb3a353a983cfc,delivered,2018-03-04 22:12:59,2018-03-05 15:29:19,2018-03-06 23:21:32,2018-03-19 19:06:48,2018-03-22 00:00:00
1d1a241bc979244649c42261b4edf004,c4afc968646c76f10008f7c941f81f09,delivered,2018-03-04 16:33:52,2018-03-04 16:48:40,2018-03-05 22:53:05,2018-03-14 19:48:35,2018-04-10 00:00:00
3be022c04922f96b5df70e2ad9e2c852,8c2c2843abb880842d1b6bd2fccab395,delivered,2018-03-04 02:07:22,2018-03-04 02:30:49,2018-03-14 17:13:02,2018-03-21 19:04:21,2018-04-02 00:00:00
f1f77c2644fb432824a8e7183f325b11,6d18a9e76b7b95ff185b3ac7849f81e6,delivered,2018-03-04 10:33:55,2018-03-04 10:48:57,2018-03-07 21:10:08,2018-03-22 15:54:46,2018-03-28 00:00:00
7e72165c5aea9996c625cfe62c8e1500,06db786002c0a85b36bdaca70b9fb4fe,delivered,2018-03-04 12:00:53,2018-03-05 12:09:07,2018-03-08 18:33:15,2018-03-23 16:55:20,2018-04-02 00:00:00
9d0e0cc4232165056ade2cc2d2bae530,886069eaa0c282b93526bdf694eab36a,delivered,2018-03-04 20:34:07,2018-03-04 20:48:47,2018-03-05 18:06:15,2018-03-06 20:09:23,2018-03-22 00:00:00
773d4900b39c0f2c4987028481b98b34,988f1b1b4d7922adb1b70297950c5da3,delivered,2018-03-04 13:46:32,2018-03-06 03:35:31,2018-03-09 15:22:20,2018-03-12 20:57:25,2018-03-19 00:00:00
0b8bb51ed8b0431e4783fde5550895c2,a92a310a3d6670dd78d7cb9eafa760be,delivered,2018-03-04 21:52:32,2018-03-06 03:49:42,2018-03-06 19:55:06,2018-03-13 22:51:30,2018-03-29 00:00:00
fb0e638d6e547a08f79bdadcddfb7dc5,db1b820efe7cdf1e07ed1660703d7ee9,delivered,2018-03-04 21:29:01,2018-03-04 21:48:51,2018-03-05 22:10:49,2018-03-23 00:08:33,2018-03-28 00:00:00
951f737376475cd4b02bca8286f30a29,9275f5b33d5af663f27c080ad4113931,delivered,2018-03-04 19:11:08,2018-03-04 19:28:29,2018-03-06 23:35:19,2018-03-27 18:45:44,2018-03-21 00:00:00
0ea6fb65c44f0a557e7ee0dc86d66c04,bbf19f753671013db6812d683007ab28,delivered,2018-03-04 23:50:40,2018-03-05 00:08:56,2018-03-06 17:03:45,2018-04-04 19:17:30,2018-03-26 00:00:00
bb1613d6648026373f69004c2b365306,46951b0491e0af4f6b2ae12f25dc77ba,delivered,2018-03-04 21:33:35,2018-03-04 22:28:37,2018-03-07 17:37:37,2018-03-13 00:48:33,2018-03-26 00:00:00
b37b51d9ce106d9676b4757abb719d91,691207b664ec61cdc55704a1cfba86f0,shipped,2018-03-04 22:55:43,2018-03-06 08:56:09,2018-03-08 19:14:33,,2018-03-26 00:00:00
c6fb234821f617a8e4d1cea1d61ca508,939f7380a49b9e56a5f998780c81e844,delivered,2018-03-04 10:53:25,2018-03-04 11:10:51,2018-03-06 20:48:48,2018-03-08 23:48:37,2018-03-21 00:00:00
6a88a7601b1d743db69eb0a4cfcfcdb9,9fc7da8f77c67c57ff89b8a10596474b,delivered,2018-03-04 21:00:45,2018-03-04 21:10:58,2018-03-06 02:58:53,2018-03-18 16:41:06,2018-03-22 00:00:00
913908597fea142985168af1fc46a6e5,94e9ce89950560f017f6f411e9819093,delivered,2018-03-04 12:13:37,2018-03-04 13:21:13,2018-03-06 16:30:04,2018-04-03 16:14:36,2018-03-26 00:00:00
f7e7da47ef2f5f88532c556e17126566,e60ecc88932dcdbc70cfd193562f47a6,delivered,2018-03-04 11:03:19,2018-03-04 11:15:34,2018-03-06 02:21:51,2018-03-13 22:22:06,2018-03-26 00:00:00
d81f58104990dbe67a63f3001b38b218,7b2081c8a1726c88f22ee93b17d29156,delivered,2018-03-04 19:39:01,2018-03-04 19:50:28,2018-03-06 20:49:00,2018-03-19 23:52:18,2018-04-03 00:00:00
430b5c4d7f6d1aefd4e271571122d635,0e6043c6383abe8e3ee07a62b4a723d4,delivered,2018-03-04 23:25:54,2018-03-04 23:35:35,2018-03-05 18:39:08,2018-03-17 16:53:21,2018-03-22 00:00:00
e2f80e58aa7bb597859b1b01b6bc366d,0ba9e1497ca235e5ebf6719be14a8c66,delivered,2018-03-04 18:57:54,2018-03-04 19:15:40,2018-03-06 00:06:54,2018-03-15 22:43:30,2018-04-03 00:00:00
feec317d7127a4dc69cfb507f08c8759,8a0108267d9258a0ec9f74381bc9b0de,delivered,2018-03-04 23:38:00,2018-03-06 03:50:28,2018-03-07 19:18:33,2018-04-02 22:41:33,2018-04-11 00:00:00
4c294948777312118d8f0364dacb18da,478e045863cd16bbbdb26ae98edd63ea,delivered,2018-03-04 22:49:33,2018-03-06 03:35:40,2018-03-06 18:09:37,2018-03-26 21:52:53,2018-03-21 00:00:00
603a0efaa57d08690507c9492973822a,f1a1772548b4c5024ef6bfad4a24d351,delivered,2018-03-04 21:56:16,2018-03-04 22:10:31,2018-03-06 00:22:45,2018-03-28 23:51:40,2018-04-06 00:00:00
9758212b340212a84d22f713ce2e0fa8,d1d9b4bb3c7bef2d99d2aebd30d434e9,delivered,2018-03-04 18:58:06,2018-03-04 19:15:27,2018-03-06 21:16:59,2018-03-28 01:56:44,2018-03-21 00:00:00
58c72979aacbc053822e7cc69c316ca4,96e6c1b892d8423c7a4aa04cab44cb05,delivered,2018-03-04 19:51:59,2018-03-04 20:09:37,2018-03-06 00:05:32,2018-03-19 21:26:55,2018-03-21 00:00:00
15e12d9cfb0958b1edd456f8ff11fcc8,45e541f36bb1209909900413545c9a82,delivered,2018-03-04 13:10:50,2018-03-06 03:51:11,2018-03-07 19:43:11,2018-04-13 22:36:36,2018-04-03 00:00:00
d4cc34ee536a5c492013d384f6348ec4,855f98ff1ae09e6e906dc66e2d8eff6b,delivered,2018-03-04 14:58:57,2018-03-04 15:10:49,2018-03-05 19:04:14,2018-04-28 12:56:35,2018-04-02 00:00:00
69eb4e39c354fbaad34489675c55608a,38dfb762919427e7ebdb0acae542419e,delivered,2018-03-04 07:16:07,2018-03-04 07:30:24,2018-03-05 19:12:50,2018-03-09 18:34:48,2018-03-21 00:00:00
bb0523c46f053398dad1bd83fcc8ddf3,e933ace272dc60617553808f591ddd19,delivered,2018-03-04 19:32:27,2018-03-04 19:48:51,2018-03-05 19:28:53,2018-03-17 15:58:55,2018-03-22 00:00:00
cb16d44b781c5ad67de1aa0454fade88,be07e18b74c064de0313f6377d064e02,delivered,2018-03-04 14:01:08,2018-03-05 13:55:50,2018-03-06 22:19:58,2018-03-08 17:28:40,2018-03-15 00:00:00
7e7ce1bc81b9dfd761f11ce02aa3b5c6,73f2037bc13d4d82c9251f6425244adc,delivered,2018-03-04 15:28:54,2018-03-04 15:48:20,2018-03-05 23:28:48,2018-04-17 20:19:27,2018-04-06 00:00:00
a6a1840fec3ecb04c489ffa4b2354631,c15b8062b4d0c30fbce33bce7715eae4,delivered,2018-03-04 21:58:12,2018-03-05 21:55:25,2018-03-06 20:27:45,2018-03-28 19:14:53,2018-03-21 00:00:00
7699236048cea720bc29c41e6ed8343f,93991c5c4c23e2c29c343579b2d821f3,delivered,2018-03-04 19:07:47,2018-03-04 19:28:27,2018-03-15 17:11:11,2018-03-23 22:42:34,2018-04-09 00:00:00
031f488d7e8549b5d8af94f5a3e9300e,46dcf912d282f0e1aa9c3278ec488723,delivered,2018-03-04 11:20:09,2018-03-04 11:30:45,2018-03-05 18:12:40,2018-03-26 22:04:49,2018-03-21 00:00:00
d7c877c5db825f754e75a32ac35e13b0,75cc2d098cc1aa9cb7ea863100b5c200,delivered,2018-03-04 15:23:16,2018-03-04 15:35:29,2018-03-06 00:37:36,2018-03-15 22:28:26,2018-03-28 00:00:00
9f9451274bc21055d9306c98eb7eb8f8,65b9c8af625c3c4a37af569d46f77136,delivered,2018-03-04 21:57:25,2018-03-04 22:10:30,2018-03-06 22:48:57,2018-04-17 00:37:33,2018-04-06 00:00:00
959736e06ddf68235a3bd98b1bf8edba,20b9fa6e5c3b0221bc22277024f4a1fe,delivered,2018-03-04 17:48:58,2018-03-04 18:28:04,2018-03-06 00:14:16,2018-03-17 13:58:47,2018-04-05 00:00:00
1a329557d7819d901a3b2cd102417f30,fcd51fd65ebb925e95e4874aded9cabe,delivered,2018-03-04 10:44:52,2018-03-04 10:55:33,2018-03-05 17:17:22,2018-03-19 23:32:02,2018-03-29 00:00:00
8465a1ae25d801a0c2d8dbfeb425a6f6,1dc79b18a1a94a88df9b995e724a514f,delivered,2018-03-04 14:40:34,2018-03-04 14:50:31,2018-03-06 17:46:31,2018-03-31 14:58:33,2018-03-21 00:00:00
e8d814b4bf8b7a90595e115ae8fc83bc,f987f6a75a1c705d58e10897c479e3e1,delivered,2018-03-04 14:42:07,2018-03-04 14:55:36,2018-03-06 19:15:21,2018-03-15 22:28:44,2018-03-21 00:00:00
27e4b7566f5f9244634481ca9b048a2f,85178563d2e34e21e5daca9362c41d85,delivered,2018-03-04 17:23:24,2018-03-04 17:35:31,2018-03-08 21:06:32,2018-03-26 20:41:42,2018-03-28 00:00:00
50ed8128c8b7ee1458b9961d8b100a23,6d94d4ff9668ca2d38340ff936d09370,delivered,2018-03-04 15:03:28,2018-03-04 15:10:34,2018-03-05 19:13:51,2018-03-27 00:59:36,2018-03-28 00:00:00
480ee2078a3e46f9d5e2fc737ca22b10,e9844a0a9ec2213423553af11768c3c3,delivered,2018-03-04 12:24:20,2018-03-04 13:21:50,2018-03-06 16:17:45,2018-03-14 02:08:26,2018-03-21 00:00:00
565d193549c110156821ab4e05cb6240,5b68d641f6f6cf9920a7010d6a7cd755,delivered,2018-03-04 00:55:20,2018-03-04 01:09:43,2018-03-06 20:37:03,2018-03-09 16:46:35,2018-03-15 00:00:00
db52d0bad6e4192503aaeea87004ed6a,f0331bc1c4f9bb06fcbb14170f225284,delivered,2018-03-04 21:38:45,2018-03-04 21:50:29,2018-03-10 15:03:17,2018-04-03 20:52:47,2018-04-02 00:00:00
b1d03262cf81d5151e15a73bbde8e22e,66d087bc8114c87ef0f800c00ff2b64d,delivered,2018-03-04 15:38:01,2018-03-04 15:50:33,2018-03-06 22:51:43,2018-03-27 02:18:43,2018-03-28 00:00:00
40eb01ae347825d54e22426e22c5cd32,34a9142cd8fb2a2990cdabf6a94f50fc,delivered,2018-03-04 16:56:04,2018-03-04 17:10:25,2018-03-07 20:08:04,2018-03-16 15:03:24,2018-03-22 00:00:00
35bc36d5460374d96175822d91d79cd1,7a66a682bc19eccafe78e901ad01cff9,delivered,2018-03-04 17:32:23,2018-03-04 17:49:03,2018-03-07 19:09:29,2018-04-17 20:11:54,2018-03-26 00:00:00
887c6b210d8a2d3a1158dfaaec74e786,bb68c919b4fbf06dd84198eace96183f,delivered,2018-03-04 12:26:01,2018-03-04 13:21:27,2018-03-06 18:56:31,2018-03-16 15:55:40,2018-03-27 00:00:00
94f522c26f2681ad053b999e34e7b317,fd92e79c1dfcd1ddae4d4630fef5bb7e,delivered,2018-03-04 16:17:17,2018-03-04 16:30:33,2018-03-07 21:27:57,2018-04-05 22:16:26,2018-03-26 00:00:00
5732c4d32ae81ea346107cb61aa2061b,a4a98a1e1a73eb104733646f6a473d8a,delivered,2018-03-04 21:52:46,2018-03-04 22:08:40,2018-03-05 20:25:28,2018-04-16 19:38:53,2018-03-22 00:00:00
2356da144f2eb45c2d226126cd72245f,ae114989db6894fdea28ea1cfad80125,delivered,2018-03-04 21:32:19,2018-03-04 21:48:55,2018-03-13 00:28:25,2018-03-20 19:42:59,2018-03-21 00:00:00
3494866382f1fe5a926b1875d0c32bb7,333182ac41b476973fc3da5758115a2e,delivered,2018-03-04 22:55:52,2018-03-04 23:09:27,2018-03-05 18:41:51,2018-03-26 15:31:21,2018-03-27 00:00:00
8791e495e7f1b8d77696f42ff295d945,d98d984f06ada593e263ff7cb810d798,delivered,2018-03-04 22:43:52,2018-03-04 22:55:39,2018-03-10 00:08:45,2018-03-28 14:56:38,2018-03-27 00:00:00
08beae16754b76c55e9f49c7d4d138dd,a62ed90dfc56c8eb3e021e9151fbf469,delivered,2018-03-04 18:26:22,2018-03-04 18:48:26,2018-03-05 18:03:49,2018-03-09 23:44:43,2018-03-21 00:00:00
dd00c3116ba05a43a16e3b84a9b1942a,e9b3c56a4e1098945e14219f16a1d314,delivered,2018-03-04 18:15:24,2018-03-04 18:28:22,2018-03-05 17:19:07,2018-03-20 23:30:52,2018-04-12 00:00:00
60064a8ef6cf5a49ed3b7edbc7fd9eb6,acdd98a7de2d5524730599eef83725c9,delivered,2018-03-04 10:08:00,2018-03-04 10:28:16,2018-03-05 20:23:16,2018-05-03 16:06:04,2018-04-04 00:00:00
c95bc5d3cdd34cf9698e69308b545f48,625243048f1ccf53f22fcbf49cfc1cf7,delivered,2018-03-04 03:58:39,2018-03-04 04:10:33,2018-03-06 00:19:04,2018-04-13 14:03:12,2018-03-29 00:00:00
e1e0cfc8398a7bcd9699fe42c1651566,2e28b1a46d27d698ecb5253364df051b,delivered,2018-03-04 12:01:25,2018-03-04 12:41:35,2018-03-08 18:07:28,2018-03-09 18:46:25,2018-03-15 00:00:00
76b1bcac04cffba74b00e4be75f58f9f,bb33fa516cc79147a1120958912fdf33,delivered,2018-03-04 10:51:11,2018-03-04 11:10:39,2018-03-06 00:20:03,2018-03-12 17:50:43,2018-04-30 00:00:00
03dbf3a42789c67ed5e2198f08d997dc,f63aa9fceef15019d51c24510d8d6c30,delivered,2018-03-04 13:20:26,2018-03-04 13:35:38,2018-03-06 02:57:00,2018-03-28 19:03:04,2018-03-21 00:00:00
4c1c077d67d0bdf88d4523a14781be05,eef45f8941e908eed712af490be3ac7a,delivered,2018-03-04 17:57:09,2018-03-05 18:31:48,2018-03-08 22:10:49,2018-03-13 20:42:41,2018-03-26 00:00:00
c6a9052634caae576f272ecf2e3a9b1e,dc76f8ffc77e7e4923f58d9b49d7fb4f,delivered,2018-03-04 17:51:58,2018-03-04 18:08:40,2018-03-07 22:08:06,2018-04-08 19:19:12,2018-03-26 00:00:00
833124c58a852f0accaa7c09219e2967,7d7c7132b37ed525b93bf574f9948d69,delivered,2018-03-04 12:04:09,2018-03-04 13:21:40,2018-03-05 19:53:14,2018-03-16 15:42:06,2018-03-29 00:00:00
a4a7cbfa5424f9c91c94e3483d80f99a,9505f9c901430b604a1cba94f48976f8,delivered,2018-03-04 10:48:52,2018-03-04 11:10:37,2018-03-05 21:56:32,2018-04-23 18:51:40,2018-04-02 00:00:00
03c810bce9d261d4d0447b895189dc16,526caafeb47b743834c8e21b5faed622,delivered,2018-03-04 20:36:53,2018-03-05 20:30:52,2018-03-08 16:02:58,2018-03-19 23:56:35,2018-03-28 00:00:00
5f8d8b23c2789fe592f5de2571f486b7,da2630d35e990c5b5b15ce6fb192b5be,delivered,2018-03-04 22:36:40,2018-03-04 22:55:28,2018-03-08 22:07:23,2018-03-23 18:45:49,2018-03-28 00:00:00
dec16faa1b0d9cf85ae3630def401cfb,43e4b82bff1bbd31273b414af1183c9d,delivered,2018-03-04 12:26:31,2018-03-06 03:49:40,2018-03-06 19:04:20,2018-04-02 18:31:44,2018-03-21 00:00:00
8132a60205ed37c702e8017466cbd218,2908f1bb8393b2ef0a9e98d86511fc9c,delivered,2018-03-04 18:49:19,2018-03-04 19:09:10,2018-03-06 21:39:56,2018-03-20 19:03:38,2018-03-29 00:00:00
3018245b4917c2d6e6ad5deb7a5cc600,4671612422311f6cb6500de36abbce07,delivered,2018-03-04 16:45:30,2018-03-04 16:55:55,2018-03-06 00:41:29,2018-03-16 23:04:58,2018-03-27 00:00:00
4294e241abc5a583ac06ee97d557745f,87a887e1089dce0c7fed596e76039b27,delivered,2018-03-04 16:29:24,2018-03-04 16:48:33,2018-03-08 21:09:35,2018-03-20 21:58:29,2018-04-02 00:00:00
caa15e1aa25a513739966e10636def94,c93f48778b314ed87df5cc23762eea20,delivered,2018-03-04 18:00:31,2018-03-04 18:10:32,2018-03-09 02:26:22,2018-04-10 18:22:24,2018-03-26 00:00:00
88898c8b7a5b7d3e2291e990f93d274a,767f554678ccdff4206b3fb34329219b,delivered,2018-03-04 18:43:35,2018-03-04 18:55:33,2018-03-12 17:12:10,2018-03-15 20:12:00,2018-04-02 00:00:00
b6446a611bb9c288f42fc87611d4d2b9,c029dfbb73a59f46affafca213c29747,delivered,2018-03-04 14:04:42,2018-03-04 14:28:43,2018-03-07 22:05:15,2018-03-22 17:27:30,2018-03-26 00:00:00
029de66f2ffa0e793ca2aad5e304a748,af36102025fd8041e660558de504dade,delivered,2018-03-04 17:04:40,2018-03-06 03:35:31,2018-03-08 21:16:26,2018-03-20 11:56:53,2018-03-27 00:00:00
bbdef4b5ecad947f721ab789db1dd57f,e4021257f141caca88c5cc080773eda3,unavailable,2018-03-04 22:14:40,2018-03-04 22:28:45,,,2018-03-15 00:00:00
e1f7fd4580eedbf377860d89efe997d5,bba4cecac73ec3d2e47ad263c28fb1dd,delivered,2018-03-04 14:53:20,2018-03-04 15:09:02,2018-03-05 19:12:27,2018-03-06 21:43:00,2018-03-15 00:00:00
132ca56f1aac17fe178eacedb5a81e6e,2f8028dbc5cdde692d56fc83b800ae3e,delivered,2018-03-04 21:47:15,2018-03-06 03:55:29,2018-03-06 19:38:52,2018-03-29 01:12:05,2018-03-28 00:00:00
968ce3e13bbc09dc91d26a2f0208d99d,4889663f71ee9ec7d63cc79b7fe776f6,shipped,2018-03-04 14:24:23,2018-03-04 14:35:33,2018-03-07 02:07:10,,2018-03-22 00:00:00
a167a25e5e6faf3098a732b7a75a41d5,ee1efc7f165c3d3c8dc2325d82e79b2d,delivered,2018-03-04 21:25:17,2018-03-06 03:55:59,2018-03-06 18:16:56,2018-03-15 20:50:42,2018-04-03 00:00:00
5abb95f2a998dee581e1c63cb7ea7512,7d5b9f4eb02f2bd41768398e711f9393,delivered,2018-03-04 18:04:23,2018-03-04 18:40:25,2018-03-05 14:59:11,2018-03-16 04:08:52,2018-03-28 00:00:00
7616b98483a2f8af40e3ab4d8ef3ffc9,078dbbc73431f0553f696d0913e99ac0,delivered,2018-03-04 00:08:21,2018-03-04 00:35:53,2018-03-06 19:28:54,2018-03-12 21:24:44,2018-03-27 00:00:00
70809734fe201ea6db6d4577b84a3022,288544a7acdc67a0118c3bce401c1494,delivered,2018-03-04 22:39:40,2018-03-04 22:55:35,2018-03-23 20:48:29,2018-04-02 17:44:22,2018-03-29 00:00:00
c73711f15f170e7cd7717f6cca7c32c2,9f7aac16e3d6bd8a5a55f9b9f2aea51f,delivered,2018-03-04 22:47:43,2018-03-04 23:09:16,2018-03-07 21:24:58,2018-03-15 22:46:42,2018-03-21 00:00:00
f3bf8da6fd4b735f85852c38ca15e90e,c0314850cd5254ebcc66a4b00acd306c,delivered,2018-03-04 00:14:09,2018-03-06 09:55:33,2018-03-15 22:28:42,2018-03-18 13:07:24,2018-03-21 00:00:00
f2a2bd7aa9e2c2b51ff415ce646587ae,9722587eb1c172a4072889c0c06654f6,delivered,2018-03-04 21:32:52,2018-03-04 21:48:57,2018-03-05 18:35:52,2018-03-20 23:21:28,2018-03-28 00:00:00
f50e6fe960b68d2b8510cc0cef8ed8dc,e34ce820dbfce68d02a20686e4c9949b,delivered,2018-03-04 14:29:41,2018-03-04 15:08:48,2018-03-06 18:38:29,2018-04-07 13:58:23,2018-03-27 00:00:00
ccaf4b9e27a868b1b69c079c19bafb89,b7e037f53626373faca0516277bff49e,delivered,2018-03-04 21:48:14,2018-03-04 22:28:39,2018-03-05 18:03:48,2018-03-07 22:13:10,2018-03-15 00:00:00
787668255fbf3cfd994f9498dc30f5fd,f8abf7cc4f761c104613673e652975fb,delivered,2018-03-04 16:46:17,2018-03-05 16:50:30,2018-03-10 02:51:40,2018-04-13 19:58:26,2018-03-27 00:00:00
1bfb270ca4a727aa929151dd9c9bd955,b2f8ddb4fb8d488931324ce3f04683f0,delivered,2018-03-04 19:54:26,2018-03-04 20:09:36,2018-03-10 17:21:55,2018-03-27 18:51:27,2018-03-26 00:00:00
0c1131dcb8c6ec0c895af6aea3e70983,69de6e98cbd456c73122e8fd3a20554d,delivered,2018-03-04 01:19:17,2018-03-05 04:15:31,2018-03-15 18:33:42,2018-04-24 15:42:11,2018-04-13 00:00:00
668e74f421624e48476682f5cbb48b3d,01cd1ba7ed9bb74360ae8d7b03575b2d,delivered,2018-03-04 11:34:08,2018-03-04 12:30:56,2018-03-06 23:42:20,2018-03-16 21:04:18,2018-04-06 00:00:00
4083ae51fa136337c09bce24beff2fe4,3373cbe13f1a402261f2ab6fbd296c9e,delivered,2018-03-04 11:58:28,2018-03-04 12:41:34,2018-03-05 19:55:00,2018-03-20 16:08:39,2018-03-28 00:00:00
fa4c62edb1f2755aa57bf4c59a46f8b8,1cd0357869324c7e19803a7bafe707a0,delivered,2018-03-04 12:02:05,2018-03-04 12:41:34,2018-03-05 19:04:47,2018-03-12 23:14:49,2018-03-26 00:00:00
87da0bebd85724d8dc20289da550ce1b,7ee037c29b42afccdc066ebeff67d5f2,delivered,2018-03-04 13:44:58,2018-03-04 14:08:43,2018-03-07 21:05:10,2018-03-14 21:16:37,2018-03-21 00:00:00
2235b8528768ef6863fd3f90a50521a9,de3bc13bc0be066d857739429bd91c6b,delivered,2018-03-04 14:22:25,2018-03-04 15:00:22,2018-03-06 03:34:46,2018-03-15 00:10:57,2018-03-21 00:00:00
7cc699da1cc98ea6349ae005feae3906,d5bf661a3e396b8c710e6878a34eface,delivered,2018-03-04 13:33:14,2018-03-04 13:49:14,2018-03-05 17:32:31,2018-03-17 22:22:46,2018-04-02 00:00:00
4ff3fc0a3d6e628acc27a25e1b6ed687,2d85651fc351f4e5043b7e28123f2f52,delivered,2018-03-04 17:32:32,2018-03-06 04:20:23,2018-03-06 19:27:37,2018-04-06 22:28:29,2018-04-02 00:00:00
27a8d640e6a7be5a3b77ee064c07feea,0e477ff075da653798461adff6337e5b,delivered,2018-03-04 13:13:17,2018-03-06 03:50:49,2018-03-06 18:58:44,2018-03-20 15:57:39,2018-04-05 00:00:00
a36841db38700006f3effd1b7e638688,85def2485de9aaad307b6b980002087e,delivered,2018-03-04 16:18:42,2018-03-04 16:30:31,2018-03-05 23:10:09,2018-03-23 00:22:08,2018-04-02 00:00:00
723a7113ee372c5f0ce268c48dfc2c21,4c76d92d6fde25bf9415c77794dc07c5,delivered,2018-03-04 15:45:34,2018-03-06 03:51:25,2018-03-08 03:08:54,2018-03-22 00:19:26,2018-04-03 00:00:00
f98546c39fc099e563d0b69b74b5151c,6ed21f859629b6586b9b7e8fe98653e6,delivered,2018-03-04 15:24:35,2018-03-04 15:35:28,2018-03-06 19:09:38,2018-03-18 14:27:39,2018-03-29 00:00:00
d1571653dd436c147f6898e8cf2ea516,a0f20dc8a88e8cf077ec762de647c197,delivered,2018-03-04 20:39:40,2018-03-04 20:50:36,2018-03-06 00:06:54,2018-03-14 21:31:56,2018-03-21 00:00:00
41e47610109145bc25aeee4c9fa9f9ac,e92b9d4a6308ebcd6cd5054b7772eae1,delivered,2018-03-04 22:30:57,2018-03-06 08:50:26,2018-03-23 19:27:31,2018-03-26 19:58:52,2018-03-29 00:00:00
0d6cc2219ef268358eac3c49b47abca9,6a6bbd47bd6f4cec05265bc3f602e324,delivered,2018-03-04 15:58:10,2018-03-04 16:10:35,2018-03-08 20:17:21,2018-04-26 16:35:57,2018-03-23 00:00:00
501d53200cd395d34bc971566f4bbc74,8a6ff7337f2f7ca3ab174d52fae99080,delivered,2018-03-04 02:34:20,2018-03-04 02:50:20,2018-03-05 23:51:37,2018-03-20 21:37:31,2018-03-28 00:00:00
b41697d4dc1b083c1d853b7677453fc5,749038adc58441ea072a53451b9dd1f6,delivered,2018-03-04 15:13:34,2018-03-04 15:28:36,2018-03-05 19:54:58,2018-03-16 01:42:46,2018-04-02 00:00:00
c81f74e50f0496fa39716cc77cacd460,7b270ebc87c25c8404348c10ff80a80e,delivered,2018-03-04 22:48:38,2018-03-04 23:09:22,2018-03-05 16:15:04,2018-03-13 18:54:32,2018-03-26 00:00:00
